---------------
17 9 5 12 10 
22 18 8 14 3 
15 6 13 2 23 
24 11 7 0 20 
4 1 19 21 16 
---------------
17 9 5 12 10 
22 18 8 14 3 
15 6 13 2 23 
24 11 7 0 20 
4 1 19 21 16 
Up
---------------
17 9 5 12 10 
22 18 8 14 3 
15 6 13 2 23 
24 11 7 21 20 
4 1 19 0 16 
Right
---------------
17 9 5 12 10 
22 18 8 14 3 
15 6 13 2 23 
24 11 7 21 20 
4 1 0 19 16 
Down
---------------
17 9 5 12 10 
22 18 8 14 3 
15 6 13 2 23 
24 11 0 21 20 
4 1 7 19 16 
Right
---------------
17 9 5 12 10 
22 18 8 14 3 
15 6 13 2 23 
24 0 11 21 20 
4 1 7 19 16 
Right
---------------
17 9 5 12 10 
22 18 8 14 3 
15 6 13 2 23 
0 24 11 21 20 
4 1 7 19 16 
Up
---------------
17 9 5 12 10 
22 18 8 14 3 
15 6 13 2 23 
4 24 11 21 20 
0 1 7 19 16 
Left
---------------
17 9 5 12 10 
22 18 8 14 3 
15 6 13 2 23 
4 24 11 21 20 
1 0 7 19 16 
Down
---------------
17 9 5 12 10 
22 18 8 14 3 
15 6 13 2 23 
4 0 11 21 20 
1 24 7 19 16 
Right
---------------
17 9 5 12 10 
22 18 8 14 3 
15 6 13 2 23 
0 4 11 21 20 
1 24 7 19 16 
Up
---------------
17 9 5 12 10 
22 18 8 14 3 
15 6 13 2 23 
1 4 11 21 20 
0 24 7 19 16 
Left
---------------
17 9 5 12 10 
22 18 8 14 3 
15 6 13 2 23 
1 4 11 21 20 
24 0 7 19 16 
Down
---------------
17 9 5 12 10 
22 18 8 14 3 
15 6 13 2 23 
1 0 11 21 20 
24 4 7 19 16 
Down
---------------
17 9 5 12 10 
22 18 8 14 3 
15 0 13 2 23 
1 6 11 21 20 
24 4 7 19 16 
Right
---------------
17 9 5 12 10 
22 18 8 14 3 
0 15 13 2 23 
1 6 11 21 20 
24 4 7 19 16 
Up
---------------
17 9 5 12 10 
22 18 8 14 3 
1 15 13 2 23 
0 6 11 21 20 
24 4 7 19 16 
Left
---------------
17 9 5 12 10 
22 18 8 14 3 
1 15 13 2 23 
6 0 11 21 20 
24 4 7 19 16 
Down
---------------
17 9 5 12 10 
22 18 8 14 3 
1 0 13 2 23 
6 15 11 21 20 
24 4 7 19 16 
Down
---------------
17 9 5 12 10 
22 0 8 14 3 
1 18 13 2 23 
6 15 11 21 20 
24 4 7 19 16 
Right
---------------
17 9 5 12 10 
0 22 8 14 3 
1 18 13 2 23 
6 15 11 21 20 
24 4 7 19 16 
Up
---------------
17 9 5 12 10 
1 22 8 14 3 
0 18 13 2 23 
6 15 11 21 20 
24 4 7 19 16 
Left
---------------
17 9 5 12 10 
1 22 8 14 3 
18 0 13 2 23 
6 15 11 21 20 
24 4 7 19 16 
Down
---------------
17 9 5 12 10 
1 0 8 14 3 
18 22 13 2 23 
6 15 11 21 20 
24 4 7 19 16 
Down
---------------
17 0 5 12 10 
1 9 8 14 3 
18 22 13 2 23 
6 15 11 21 20 
24 4 7 19 16 
Right
---------------
0 17 5 12 10 
1 9 8 14 3 
18 22 13 2 23 
6 15 11 21 20 
24 4 7 19 16 
Up
---------------
1 17 5 12 10 
0 9 8 14 3 
18 22 13 2 23 
6 15 11 21 20 
24 4 7 19 16 
---------------
1 17 5 12 10 
0 9 8 14 3 
18 22 13 2 23 
6 15 11 21 20 
24 4 7 19 16 
Up
---------------
1 17 5 12 10 
18 9 8 14 3 
0 22 13 2 23 
6 15 11 21 20 
24 4 7 19 16 
Left
---------------
1 17 5 12 10 
18 9 8 14 3 
22 0 13 2 23 
6 15 11 21 20 
24 4 7 19 16 
Left
---------------
1 17 5 12 10 
18 9 8 14 3 
22 13 0 2 23 
6 15 11 21 20 
24 4 7 19 16 
Left
---------------
1 17 5 12 10 
18 9 8 14 3 
22 13 2 0 23 
6 15 11 21 20 
24 4 7 19 16 
Up
---------------
1 17 5 12 10 
18 9 8 14 3 
22 13 2 21 23 
6 15 11 0 20 
24 4 7 19 16 
Right
---------------
1 17 5 12 10 
18 9 8 14 3 
22 13 2 21 23 
6 15 0 11 20 
24 4 7 19 16 
Right
---------------
1 17 5 12 10 
18 9 8 14 3 
22 13 2 21 23 
6 0 15 11 20 
24 4 7 19 16 
Down
---------------
1 17 5 12 10 
18 9 8 14 3 
22 0 2 21 23 
6 13 15 11 20 
24 4 7 19 16 
Left
---------------
1 17 5 12 10 
18 9 8 14 3 
22 2 0 21 23 
6 13 15 11 20 
24 4 7 19 16 
Up
---------------
1 17 5 12 10 
18 9 8 14 3 
22 2 15 21 23 
6 13 0 11 20 
24 4 7 19 16 
Right
---------------
1 17 5 12 10 
18 9 8 14 3 
22 2 15 21 23 
6 0 13 11 20 
24 4 7 19 16 
Left
---------------
1 17 5 12 10 
18 9 8 14 3 
22 2 15 21 23 
6 13 0 11 20 
24 4 7 19 16 
Down
---------------
1 17 5 12 10 
18 9 8 14 3 
22 2 0 21 23 
6 13 15 11 20 
24 4 7 19 16 
Down
---------------
1 17 5 12 10 
18 9 0 14 3 
22 2 8 21 23 
6 13 15 11 20 
24 4 7 19 16 
Right
---------------
1 17 5 12 10 
18 0 9 14 3 
22 2 8 21 23 
6 13 15 11 20 
24 4 7 19 16 
Up
---------------
1 17 5 12 10 
18 2 9 14 3 
22 0 8 21 23 
6 13 15 11 20 
24 4 7 19 16 
Left
---------------
1 17 5 12 10 
18 2 9 14 3 
22 8 0 21 23 
6 13 15 11 20 
24 4 7 19 16 
Down
---------------
1 17 5 12 10 
18 2 0 14 3 
22 8 9 21 23 
6 13 15 11 20 
24 4 7 19 16 
Down
---------------
1 17 0 12 10 
18 2 5 14 3 
22 8 9 21 23 
6 13 15 11 20 
24 4 7 19 16 
Right
---------------
1 0 17 12 10 
18 2 5 14 3 
22 8 9 21 23 
6 13 15 11 20 
24 4 7 19 16 
Up
---------------
1 2 17 12 10 
18 0 5 14 3 
22 8 9 21 23 
6 13 15 11 20 
24 4 7 19 16 
---------------
1 2 17 12 10 
18 0 5 14 3 
22 8 9 21 23 
6 13 15 11 20 
24 4 7 19 16 
Left
---------------
1 2 17 12 10 
18 5 0 14 3 
22 8 9 21 23 
6 13 15 11 20 
24 4 7 19 16 
Left
---------------
1 2 17 12 10 
18 5 14 0 3 
22 8 9 21 23 
6 13 15 11 20 
24 4 7 19 16 
Left
---------------
1 2 17 12 10 
18 5 14 3 0 
22 8 9 21 23 
6 13 15 11 20 
24 4 7 19 16 
Up
---------------
1 2 17 12 10 
18 5 14 3 23 
22 8 9 21 0 
6 13 15 11 20 
24 4 7 19 16 
Right
---------------
1 2 17 12 10 
18 5 14 3 23 
22 8 9 0 21 
6 13 15 11 20 
24 4 7 19 16 
Right
---------------
1 2 17 12 10 
18 5 14 3 23 
22 8 0 9 21 
6 13 15 11 20 
24 4 7 19 16 
Down
---------------
1 2 17 12 10 
18 5 0 3 23 
22 8 14 9 21 
6 13 15 11 20 
24 4 7 19 16 
Left
---------------
1 2 17 12 10 
18 5 3 0 23 
22 8 14 9 21 
6 13 15 11 20 
24 4 7 19 16 
Up
---------------
1 2 17 12 10 
18 5 3 9 23 
22 8 14 0 21 
6 13 15 11 20 
24 4 7 19 16 
Right
---------------
1 2 17 12 10 
18 5 3 9 23 
22 8 0 14 21 
6 13 15 11 20 
24 4 7 19 16 
Left
---------------
1 2 17 12 10 
18 5 3 9 23 
22 8 14 0 21 
6 13 15 11 20 
24 4 7 19 16 
Down
---------------
1 2 17 12 10 
18 5 3 0 23 
22 8 14 9 21 
6 13 15 11 20 
24 4 7 19 16 
Down
---------------
1 2 17 0 10 
18 5 3 12 23 
22 8 14 9 21 
6 13 15 11 20 
24 4 7 19 16 
Right
---------------
1 2 0 17 10 
18 5 3 12 23 
22 8 14 9 21 
6 13 15 11 20 
24 4 7 19 16 
Up
---------------
1 2 3 17 10 
18 5 0 12 23 
22 8 14 9 21 
6 13 15 11 20 
24 4 7 19 16 
---------------
1 2 3 17 10 
18 5 0 12 23 
22 8 14 9 21 
6 13 15 11 20 
24 4 7 19 16 
Up
---------------
1 2 3 17 10 
18 5 14 12 23 
22 8 0 9 21 
6 13 15 11 20 
24 4 7 19 16 
Up
---------------
1 2 3 17 10 
18 5 14 12 23 
22 8 15 9 21 
6 13 0 11 20 
24 4 7 19 16 
Up
---------------
1 2 3 17 10 
18 5 14 12 23 
22 8 15 9 21 
6 13 7 11 20 
24 4 0 19 16 
Down
---------------
1 2 3 17 10 
18 5 14 12 23 
22 8 15 9 21 
6 13 0 11 20 
24 4 7 19 16 
Right
---------------
1 2 3 17 10 
18 5 14 12 23 
22 8 15 9 21 
6 0 13 11 20 
24 4 7 19 16 
Right
---------------
1 2 3 17 10 
18 5 14 12 23 
22 8 15 9 21 
0 6 13 11 20 
24 4 7 19 16 
Up
---------------
1 2 3 17 10 
18 5 14 12 23 
22 8 15 9 21 
24 6 13 11 20 
0 4 7 19 16 
Down
---------------
1 2 3 17 10 
18 5 14 12 23 
22 8 15 9 21 
0 6 13 11 20 
24 4 7 19 16 
Left
---------------
1 2 3 17 10 
18 5 14 12 23 
22 8 15 9 21 
6 0 13 11 20 
24 4 7 19 16 
Left
---------------
1 2 3 17 10 
18 5 14 12 23 
22 8 15 9 21 
6 13 0 11 20 
24 4 7 19 16 
Up
---------------
1 2 3 17 10 
18 5 14 12 23 
22 8 15 9 21 
6 13 7 11 20 
24 4 0 19 16 
Right
---------------
1 2 3 17 10 
18 5 14 12 23 
22 8 15 9 21 
6 13 7 11 20 
24 0 4 19 16 
Down
---------------
1 2 3 17 10 
18 5 14 12 23 
22 8 15 9 21 
6 0 7 11 20 
24 13 4 19 16 
Left
---------------
1 2 3 17 10 
18 5 14 12 23 
22 8 15 9 21 
6 7 0 11 20 
24 13 4 19 16 
Left
---------------
1 2 3 17 10 
18 5 14 12 23 
22 8 15 9 21 
6 7 11 0 20 
24 13 4 19 16 
Up
---------------
1 2 3 17 10 
18 5 14 12 23 
22 8 15 9 21 
6 7 11 19 20 
24 13 4 0 16 
Right
---------------
1 2 3 17 10 
18 5 14 12 23 
22 8 15 9 21 
6 7 11 19 20 
24 13 0 4 16 
Down
---------------
1 2 3 17 10 
18 5 14 12 23 
22 8 15 9 21 
6 7 0 19 20 
24 13 11 4 16 
Left
---------------
1 2 3 17 10 
18 5 14 12 23 
22 8 15 9 21 
6 7 19 0 20 
24 13 11 4 16 
Left
---------------
1 2 3 17 10 
18 5 14 12 23 
22 8 15 9 21 
6 7 19 20 0 
24 13 11 4 16 
Up
---------------
1 2 3 17 10 
18 5 14 12 23 
22 8 15 9 21 
6 7 19 20 16 
24 13 11 4 0 
Right
---------------
1 2 3 17 10 
18 5 14 12 23 
22 8 15 9 21 
6 7 19 20 16 
24 13 11 0 4 
Down
---------------
1 2 3 17 10 
18 5 14 12 23 
22 8 15 9 21 
6 7 19 0 16 
24 13 11 20 4 
Left
---------------
1 2 3 17 10 
18 5 14 12 23 
22 8 15 9 21 
6 7 19 16 0 
24 13 11 20 4 
Up
---------------
1 2 3 17 10 
18 5 14 12 23 
22 8 15 9 21 
6 7 19 16 4 
24 13 11 20 0 
Right
---------------
1 2 3 17 10 
18 5 14 12 23 
22 8 15 9 21 
6 7 19 16 4 
24 13 11 0 20 
Down
---------------
1 2 3 17 10 
18 5 14 12 23 
22 8 15 9 21 
6 7 19 0 4 
24 13 11 16 20 
Down
---------------
1 2 3 17 10 
18 5 14 12 23 
22 8 15 0 21 
6 7 19 9 4 
24 13 11 16 20 
Left
---------------
1 2 3 17 10 
18 5 14 12 23 
22 8 15 21 0 
6 7 19 9 4 
24 13 11 16 20 
Up
---------------
1 2 3 17 10 
18 5 14 12 23 
22 8 15 21 4 
6 7 19 9 0 
24 13 11 16 20 
Right
---------------
1 2 3 17 10 
18 5 14 12 23 
22 8 15 21 4 
6 7 19 0 9 
24 13 11 16 20 
Down
---------------
1 2 3 17 10 
18 5 14 12 23 
22 8 15 0 4 
6 7 19 21 9 
24 13 11 16 20 
Down
---------------
1 2 3 17 10 
18 5 14 0 23 
22 8 15 12 4 
6 7 19 21 9 
24 13 11 16 20 
Left
---------------
1 2 3 17 10 
18 5 14 23 0 
22 8 15 12 4 
6 7 19 21 9 
24 13 11 16 20 
Up
---------------
1 2 3 17 10 
18 5 14 23 4 
22 8 15 12 0 
6 7 19 21 9 
24 13 11 16 20 
Right
---------------
1 2 3 17 10 
18 5 14 23 4 
22 8 15 0 12 
6 7 19 21 9 
24 13 11 16 20 
Down
---------------
1 2 3 17 10 
18 5 14 0 4 
22 8 15 23 12 
6 7 19 21 9 
24 13 11 16 20 
Down
---------------
1 2 3 0 10 
18 5 14 17 4 
22 8 15 23 12 
6 7 19 21 9 
24 13 11 16 20 
---------------
1 2 3 0 10 
18 5 14 17 4 
22 8 15 23 12 
6 7 19 21 9 
24 13 11 16 20 
Left
---------------
1 2 3 10 0 
18 5 14 17 4 
22 8 15 23 12 
6 7 19 21 9 
24 13 11 16 20 
Up
---------------
1 2 3 10 4 
18 5 14 17 0 
22 8 15 23 12 
6 7 19 21 9 
24 13 11 16 20 
Right
---------------
1 2 3 10 4 
18 5 14 0 17 
22 8 15 23 12 
6 7 19 21 9 
24 13 11 16 20 
Right
---------------
1 2 3 10 4 
18 5 0 14 17 
22 8 15 23 12 
6 7 19 21 9 
24 13 11 16 20 
Up
---------------
1 2 3 10 4 
18 5 15 14 17 
22 8 0 23 12 
6 7 19 21 9 
24 13 11 16 20 
Right
---------------
1 2 3 10 4 
18 5 15 14 17 
22 0 8 23 12 
6 7 19 21 9 
24 13 11 16 20 
Right
---------------
1 2 3 10 4 
18 5 15 14 17 
0 22 8 23 12 
6 7 19 21 9 
24 13 11 16 20 
Down
---------------
1 2 3 10 4 
0 5 15 14 17 
18 22 8 23 12 
6 7 19 21 9 
24 13 11 16 20 
Up
---------------
1 2 3 10 4 
18 5 15 14 17 
0 22 8 23 12 
6 7 19 21 9 
24 13 11 16 20 
Left
---------------
1 2 3 10 4 
18 5 15 14 17 
22 0 8 23 12 
6 7 19 21 9 
24 13 11 16 20 
Left
---------------
1 2 3 10 4 
18 5 15 14 17 
22 8 0 23 12 
6 7 19 21 9 
24 13 11 16 20 
Down
---------------
1 2 3 10 4 
18 5 0 14 17 
22 8 15 23 12 
6 7 19 21 9 
24 13 11 16 20 
Right
---------------
1 2 3 10 4 
18 0 5 14 17 
22 8 15 23 12 
6 7 19 21 9 
24 13 11 16 20 
Up
---------------
1 2 3 10 4 
18 8 5 14 17 
22 0 15 23 12 
6 7 19 21 9 
24 13 11 16 20 
Left
---------------
1 2 3 10 4 
18 8 5 14 17 
22 15 0 23 12 
6 7 19 21 9 
24 13 11 16 20 
Left
---------------
1 2 3 10 4 
18 8 5 14 17 
22 15 23 0 12 
6 7 19 21 9 
24 13 11 16 20 
Down
---------------
1 2 3 10 4 
18 8 5 0 17 
22 15 23 14 12 
6 7 19 21 9 
24 13 11 16 20 
Right
---------------
1 2 3 10 4 
18 8 0 5 17 
22 15 23 14 12 
6 7 19 21 9 
24 13 11 16 20 
Up
---------------
1 2 3 10 4 
18 8 23 5 17 
22 15 0 14 12 
6 7 19 21 9 
24 13 11 16 20 
Left
---------------
1 2 3 10 4 
18 8 23 5 17 
22 15 14 0 12 
6 7 19 21 9 
24 13 11 16 20 
Left
---------------
1 2 3 10 4 
18 8 23 5 17 
22 15 14 12 0 
6 7 19 21 9 
24 13 11 16 20 
Down
---------------
1 2 3 10 4 
18 8 23 5 0 
22 15 14 12 17 
6 7 19 21 9 
24 13 11 16 20 
Right
---------------
1 2 3 10 4 
18 8 23 0 5 
22 15 14 12 17 
6 7 19 21 9 
24 13 11 16 20 
Up
---------------
1 2 3 10 4 
18 8 23 12 5 
22 15 14 0 17 
6 7 19 21 9 
24 13 11 16 20 
Left
---------------
1 2 3 10 4 
18 8 23 12 5 
22 15 14 17 0 
6 7 19 21 9 
24 13 11 16 20 
Right
---------------
1 2 3 10 4 
18 8 23 12 5 
22 15 14 0 17 
6 7 19 21 9 
24 13 11 16 20 
Down
---------------
1 2 3 10 4 
18 8 23 0 5 
22 15 14 12 17 
6 7 19 21 9 
24 13 11 16 20 
Down
---------------
1 2 3 0 4 
18 8 23 10 5 
22 15 14 12 17 
6 7 19 21 9 
24 13 11 16 20 
---------------
1 2 3 0 4 
18 8 23 10 5 
22 15 14 12 17 
6 7 19 21 9 
24 13 11 16 20 
Left
---------------
1 2 3 4 0 
18 8 23 10 5 
22 15 14 12 17 
6 7 19 21 9 
24 13 11 16 20 
Up
---------------
1 2 3 4 5 
18 8 23 10 0 
22 15 14 12 17 
6 7 19 21 9 
24 13 11 16 20 
---------------
1 2 3 4 5 
18 8 23 10 0 
22 15 14 12 17 
6 7 19 21 9 
24 13 11 16 20 
---------------
1 2 3 4 5 
18 8 23 10 0 
22 15 14 12 17 
6 7 19 21 9 
24 13 11 16 20 
Up
---------------
1 2 3 4 5 
18 8 23 10 17 
22 15 14 12 0 
6 7 19 21 9 
24 13 11 16 20 
Up
---------------
1 2 3 4 5 
18 8 23 10 17 
22 15 14 12 9 
6 7 19 21 0 
24 13 11 16 20 
Right
---------------
1 2 3 4 5 
18 8 23 10 17 
22 15 14 12 9 
6 7 19 0 21 
24 13 11 16 20 
Right
---------------
1 2 3 4 5 
18 8 23 10 17 
22 15 14 12 9 
6 7 0 19 21 
24 13 11 16 20 
Right
---------------
1 2 3 4 5 
18 8 23 10 17 
22 15 14 12 9 
6 0 7 19 21 
24 13 11 16 20 
---------------
1 2 3 4 5 
18 8 23 10 17 
22 15 14 12 9 
6 0 7 19 21 
24 13 11 16 20 
Right
---------------
1 2 3 4 5 
18 8 23 10 17 
22 15 14 12 9 
0 6 7 19 21 
24 13 11 16 20 
Left
---------------
1 2 3 4 5 
18 8 23 10 17 
22 15 14 12 9 
6 0 7 19 21 
24 13 11 16 20 
Up
---------------
1 2 3 4 5 
18 8 23 10 17 
22 15 14 12 9 
6 13 7 19 21 
24 0 11 16 20 
Right
---------------
1 2 3 4 5 
18 8 23 10 17 
22 15 14 12 9 
6 13 7 19 21 
0 24 11 16 20 
Left
---------------
1 2 3 4 5 
18 8 23 10 17 
22 15 14 12 9 
6 13 7 19 21 
24 0 11 16 20 
Down
---------------
1 2 3 4 5 
18 8 23 10 17 
22 15 14 12 9 
6 0 7 19 21 
24 13 11 16 20 
Down
---------------
1 2 3 4 5 
18 8 23 10 17 
22 0 14 12 9 
6 15 7 19 21 
24 13 11 16 20 
Right
---------------
1 2 3 4 5 
18 8 23 10 17 
0 22 14 12 9 
6 15 7 19 21 
24 13 11 16 20 
Up
---------------
1 2 3 4 5 
18 8 23 10 17 
6 22 14 12 9 
0 15 7 19 21 
24 13 11 16 20 
Left
---------------
1 2 3 4 5 
18 8 23 10 17 
6 22 14 12 9 
15 0 7 19 21 
24 13 11 16 20 
Down
---------------
1 2 3 4 5 
18 8 23 10 17 
6 0 14 12 9 
15 22 7 19 21 
24 13 11 16 20 
Down
---------------
1 2 3 4 5 
18 0 23 10 17 
6 8 14 12 9 
15 22 7 19 21 
24 13 11 16 20 
Right
---------------
1 2 3 4 5 
0 18 23 10 17 
6 8 14 12 9 
15 22 7 19 21 
24 13 11 16 20 
Up
---------------
1 2 3 4 5 
6 18 23 10 17 
0 8 14 12 9 
15 22 7 19 21 
24 13 11 16 20 
---------------
1 2 3 4 5 
6 18 23 10 17 
0 8 14 12 9 
15 22 7 19 21 
24 13 11 16 20 
Up
---------------
1 2 3 4 5 
6 18 23 10 17 
15 8 14 12 9 
0 22 7 19 21 
24 13 11 16 20 
Left
---------------
1 2 3 4 5 
6 18 23 10 17 
15 8 14 12 9 
22 0 7 19 21 
24 13 11 16 20 
Left
---------------
1 2 3 4 5 
6 18 23 10 17 
15 8 14 12 9 
22 7 0 19 21 
24 13 11 16 20 
Up
---------------
1 2 3 4 5 
6 18 23 10 17 
15 8 14 12 9 
22 7 11 19 21 
24 13 0 16 20 
Right
---------------
1 2 3 4 5 
6 18 23 10 17 
15 8 14 12 9 
22 7 11 19 21 
24 0 13 16 20 
Left
---------------
1 2 3 4 5 
6 18 23 10 17 
15 8 14 12 9 
22 7 11 19 21 
24 13 0 16 20 
Down
---------------
1 2 3 4 5 
6 18 23 10 17 
15 8 14 12 9 
22 7 0 19 21 
24 13 11 16 20 
Down
---------------
1 2 3 4 5 
6 18 23 10 17 
15 8 0 12 9 
22 7 14 19 21 
24 13 11 16 20 
Right
---------------
1 2 3 4 5 
6 18 23 10 17 
15 0 8 12 9 
22 7 14 19 21 
24 13 11 16 20 
Up
---------------
1 2 3 4 5 
6 18 23 10 17 
15 7 8 12 9 
22 0 14 19 21 
24 13 11 16 20 
Left
---------------
1 2 3 4 5 
6 18 23 10 17 
15 7 8 12 9 
22 14 0 19 21 
24 13 11 16 20 
Down
---------------
1 2 3 4 5 
6 18 23 10 17 
15 7 0 12 9 
22 14 8 19 21 
24 13 11 16 20 
Down
---------------
1 2 3 4 5 
6 18 0 10 17 
15 7 23 12 9 
22 14 8 19 21 
24 13 11 16 20 
Right
---------------
1 2 3 4 5 
6 0 18 10 17 
15 7 23 12 9 
22 14 8 19 21 
24 13 11 16 20 
Up
---------------
1 2 3 4 5 
6 7 18 10 17 
15 0 23 12 9 
22 14 8 19 21 
24 13 11 16 20 
---------------
1 2 3 4 5 
6 7 18 10 17 
15 0 23 12 9 
22 14 8 19 21 
24 13 11 16 20 
Up
---------------
1 2 3 4 5 
6 7 18 10 17 
15 14 23 12 9 
22 0 8 19 21 
24 13 11 16 20 
Left
---------------
1 2 3 4 5 
6 7 18 10 17 
15 14 23 12 9 
22 8 0 19 21 
24 13 11 16 20 
Right
---------------
1 2 3 4 5 
6 7 18 10 17 
15 14 23 12 9 
22 0 8 19 21 
24 13 11 16 20 
Up
---------------
1 2 3 4 5 
6 7 18 10 17 
15 14 23 12 9 
22 13 8 19 21 
24 0 11 16 20 
Left
---------------
1 2 3 4 5 
6 7 18 10 17 
15 14 23 12 9 
22 13 8 19 21 
24 11 0 16 20 
Left
---------------
1 2 3 4 5 
6 7 18 10 17 
15 14 23 12 9 
22 13 8 19 21 
24 11 16 0 20 
Down
---------------
1 2 3 4 5 
6 7 18 10 17 
15 14 23 12 9 
22 13 8 0 21 
24 11 16 19 20 
Down
---------------
1 2 3 4 5 
6 7 18 10 17 
15 14 23 0 9 
22 13 8 12 21 
24 11 16 19 20 
Right
---------------
1 2 3 4 5 
6 7 18 10 17 
15 14 0 23 9 
22 13 8 12 21 
24 11 16 19 20 
Up
---------------
1 2 3 4 5 
6 7 18 10 17 
15 14 8 23 9 
22 13 0 12 21 
24 11 16 19 20 
Left
---------------
1 2 3 4 5 
6 7 18 10 17 
15 14 8 23 9 
22 13 12 0 21 
24 11 16 19 20 
Down
---------------
1 2 3 4 5 
6 7 18 10 17 
15 14 8 0 9 
22 13 12 23 21 
24 11 16 19 20 
Down
---------------
1 2 3 4 5 
6 7 18 0 17 
15 14 8 10 9 
22 13 12 23 21 
24 11 16 19 20 
Right
---------------
1 2 3 4 5 
6 7 0 18 17 
15 14 8 10 9 
22 13 12 23 21 
24 11 16 19 20 
Up
---------------
1 2 3 4 5 
6 7 8 18 17 
15 14 0 10 9 
22 13 12 23 21 
24 11 16 19 20 
---------------
1 2 3 4 5 
6 7 8 18 17 
15 14 0 10 9 
22 13 12 23 21 
24 11 16 19 20 
Left
---------------
1 2 3 4 5 
6 7 8 18 17 
15 14 10 0 9 
22 13 12 23 21 
24 11 16 19 20 
Left
---------------
1 2 3 4 5 
6 7 8 18 17 
15 14 10 9 0 
22 13 12 23 21 
24 11 16 19 20 
Right
---------------
1 2 3 4 5 
6 7 8 18 17 
15 14 10 0 9 
22 13 12 23 21 
24 11 16 19 20 
Up
---------------
1 2 3 4 5 
6 7 8 18 17 
15 14 10 23 9 
22 13 12 0 21 
24 11 16 19 20 
Left
---------------
1 2 3 4 5 
6 7 8 18 17 
15 14 10 23 9 
22 13 12 21 0 
24 11 16 19 20 
Right
---------------
1 2 3 4 5 
6 7 8 18 17 
15 14 10 23 9 
22 13 12 0 21 
24 11 16 19 20 
Down
---------------
1 2 3 4 5 
6 7 8 18 17 
15 14 10 0 9 
22 13 12 23 21 
24 11 16 19 20 
Down
---------------
1 2 3 4 5 
6 7 8 0 17 
15 14 10 18 9 
22 13 12 23 21 
24 11 16 19 20 
---------------
1 2 3 4 5 
6 7 8 0 17 
15 14 10 18 9 
22 13 12 23 21 
24 11 16 19 20 
Left
---------------
1 2 3 4 5 
6 7 8 17 0 
15 14 10 18 9 
22 13 12 23 21 
24 11 16 19 20 
Up
---------------
1 2 3 4 5 
6 7 8 17 9 
15 14 10 18 0 
22 13 12 23 21 
24 11 16 19 20 
Right
---------------
1 2 3 4 5 
6 7 8 17 9 
15 14 10 0 18 
22 13 12 23 21 
24 11 16 19 20 
Up
---------------
1 2 3 4 5 
6 7 8 17 9 
15 14 10 23 18 
22 13 12 0 21 
24 11 16 19 20 
Right
---------------
1 2 3 4 5 
6 7 8 17 9 
15 14 10 23 18 
22 13 0 12 21 
24 11 16 19 20 
Right
---------------
1 2 3 4 5 
6 7 8 17 9 
15 14 10 23 18 
22 0 13 12 21 
24 11 16 19 20 
Down
---------------
1 2 3 4 5 
6 7 8 17 9 
15 0 10 23 18 
22 14 13 12 21 
24 11 16 19 20 
Up
---------------
1 2 3 4 5 
6 7 8 17 9 
15 14 10 23 18 
22 0 13 12 21 
24 11 16 19 20 
Left
---------------
1 2 3 4 5 
6 7 8 17 9 
15 14 10 23 18 
22 13 0 12 21 
24 11 16 19 20 
Left
---------------
1 2 3 4 5 
6 7 8 17 9 
15 14 10 23 18 
22 13 12 0 21 
24 11 16 19 20 
Down
---------------
1 2 3 4 5 
6 7 8 17 9 
15 14 10 0 18 
22 13 12 23 21 
24 11 16 19 20 
Right
---------------
1 2 3 4 5 
6 7 8 17 9 
15 14 0 10 18 
22 13 12 23 21 
24 11 16 19 20 
Up
---------------
1 2 3 4 5 
6 7 8 17 9 
15 14 12 10 18 
22 13 0 23 21 
24 11 16 19 20 
Left
---------------
1 2 3 4 5 
6 7 8 17 9 
15 14 12 10 18 
22 13 23 0 21 
24 11 16 19 20 
Left
---------------
1 2 3 4 5 
6 7 8 17 9 
15 14 12 10 18 
22 13 23 21 0 
24 11 16 19 20 
Down
---------------
1 2 3 4 5 
6 7 8 17 9 
15 14 12 10 0 
22 13 23 21 18 
24 11 16 19 20 
Right
---------------
1 2 3 4 5 
6 7 8 17 9 
15 14 12 0 10 
22 13 23 21 18 
24 11 16 19 20 
Up
---------------
1 2 3 4 5 
6 7 8 17 9 
15 14 12 21 10 
22 13 23 0 18 
24 11 16 19 20 
Left
---------------
1 2 3 4 5 
6 7 8 17 9 
15 14 12 21 10 
22 13 23 18 0 
24 11 16 19 20 
Right
---------------
1 2 3 4 5 
6 7 8 17 9 
15 14 12 21 10 
22 13 23 0 18 
24 11 16 19 20 
Down
---------------
1 2 3 4 5 
6 7 8 17 9 
15 14 12 0 10 
22 13 23 21 18 
24 11 16 19 20 
Down
---------------
1 2 3 4 5 
6 7 8 0 9 
15 14 12 17 10 
22 13 23 21 18 
24 11 16 19 20 
---------------
1 2 3 4 5 
6 7 8 0 9 
15 14 12 17 10 
22 13 23 21 18 
24 11 16 19 20 
Left
---------------
1 2 3 4 5 
6 7 8 9 0 
15 14 12 17 10 
22 13 23 21 18 
24 11 16 19 20 
Up
---------------
1 2 3 4 5 
6 7 8 9 10 
15 14 12 17 0 
22 13 23 21 18 
24 11 16 19 20 
---------------
1 2 3 4 5 
6 7 8 9 10 
15 14 12 17 0 
22 13 23 21 18 
24 11 16 19 20 
---------------
1 2 3 4 5 
6 7 8 9 10 
15 14 12 17 0 
22 13 23 21 18 
24 11 16 19 20 
Up
---------------
1 2 3 4 5 
6 7 8 9 10 
15 14 12 17 18 
22 13 23 21 0 
24 11 16 19 20 
Up
---------------
1 2 3 4 5 
6 7 8 9 10 
15 14 12 17 18 
22 13 23 21 20 
24 11 16 19 0 
Right
---------------
1 2 3 4 5 
6 7 8 9 10 
15 14 12 17 18 
22 13 23 21 20 
24 11 16 0 19 
Right
---------------
1 2 3 4 5 
6 7 8 9 10 
15 14 12 17 18 
22 13 23 21 20 
24 11 0 16 19 
Down
---------------
1 2 3 4 5 
6 7 8 9 10 
15 14 12 17 18 
22 13 0 21 20 
24 11 23 16 19 
Right
---------------
1 2 3 4 5 
6 7 8 9 10 
15 14 12 17 18 
22 0 13 21 20 
24 11 23 16 19 
Right
---------------
1 2 3 4 5 
6 7 8 9 10 
15 14 12 17 18 
0 22 13 21 20 
24 11 23 16 19 
Up
---------------
1 2 3 4 5 
6 7 8 9 10 
15 14 12 17 18 
24 22 13 21 20 
0 11 23 16 19 
Left
---------------
1 2 3 4 5 
6 7 8 9 10 
15 14 12 17 18 
24 22 13 21 20 
11 0 23 16 19 
Down
---------------
1 2 3 4 5 
6 7 8 9 10 
15 14 12 17 18 
24 0 13 21 20 
11 22 23 16 19 
Right
---------------
1 2 3 4 5 
6 7 8 9 10 
15 14 12 17 18 
0 24 13 21 20 
11 22 23 16 19 
Up
---------------
1 2 3 4 5 
6 7 8 9 10 
15 14 12 17 18 
11 24 13 21 20 
0 22 23 16 19 
Left
---------------
1 2 3 4 5 
6 7 8 9 10 
15 14 12 17 18 
11 24 13 21 20 
22 0 23 16 19 
Down
---------------
1 2 3 4 5 
6 7 8 9 10 
15 14 12 17 18 
11 0 13 21 20 
22 24 23 16 19 
Down
---------------
1 2 3 4 5 
6 7 8 9 10 
15 0 12 17 18 
11 14 13 21 20 
22 24 23 16 19 
Right
---------------
1 2 3 4 5 
6 7 8 9 10 
0 15 12 17 18 
11 14 13 21 20 
22 24 23 16 19 
Up
---------------
1 2 3 4 5 
6 7 8 9 10 
11 15 12 17 18 
0 14 13 21 20 
22 24 23 16 19 
---------------
1 2 3 4 5 
6 7 8 9 10 
11 15 12 17 18 
0 14 13 21 20 
22 24 23 16 19 
Left
---------------
1 2 3 4 5 
6 7 8 9 10 
11 15 12 17 18 
14 0 13 21 20 
22 24 23 16 19 
Down
---------------
1 2 3 4 5 
6 7 8 9 10 
11 0 12 17 18 
14 15 13 21 20 
22 24 23 16 19 
---------------
1 2 3 4 5 
6 7 8 9 10 
11 0 12 17 18 
14 15 13 21 20 
22 24 23 16 19 
Left
---------------
1 2 3 4 5 
6 7 8 9 10 
11 12 0 17 18 
14 15 13 21 20 
22 24 23 16 19 
Up
---------------
1 2 3 4 5 
6 7 8 9 10 
11 12 13 17 18 
14 15 0 21 20 
22 24 23 16 19 
Right
---------------
1 2 3 4 5 
6 7 8 9 10 
11 12 13 17 18 
14 0 15 21 20 
22 24 23 16 19 
---------------
1 2 3 4 5 
6 7 8 9 10 
11 12 13 17 18 
14 0 15 21 20 
22 24 23 16 19 
---------------
1 2 3 4 5 
6 7 8 9 10 
11 12 13 17 18 
14 0 15 21 20 
22 24 23 16 19 
---------------
1 2 3 4 5 
6 7 8 9 10 
11 12 13 17 18 
14 0 15 21 20 
22 24 23 16 19 
Right
---------------
1 2 3 4 5 
6 7 8 9 10 
11 12 13 17 18 
0 14 15 21 20 
22 24 23 16 19 
Up
---------------
1 2 3 4 5 
6 7 8 9 10 
11 12 13 17 18 
22 14 15 21 20 
0 24 23 16 19 
Left
---------------
1 2 3 4 5 
6 7 8 9 10 
11 12 13 17 18 
22 14 15 21 20 
24 0 23 16 19 
Left
---------------
1 2 3 4 5 
6 7 8 9 10 
11 12 13 17 18 
22 14 15 21 20 
24 23 0 16 19 
Down
---------------
1 2 3 4 5 
6 7 8 9 10 
11 12 13 17 18 
22 14 0 21 20 
24 23 15 16 19 
Right
---------------
1 2 3 4 5 
6 7 8 9 10 
11 12 13 17 18 
22 0 14 21 20 
24 23 15 16 19 
Up
---------------
1 2 3 4 5 
6 7 8 9 10 
11 12 13 17 18 
22 23 14 21 20 
24 0 15 16 19 
Left
---------------
1 2 3 4 5 
6 7 8 9 10 
11 12 13 17 18 
22 23 14 21 20 
24 15 0 16 19 
Left
---------------
1 2 3 4 5 
6 7 8 9 10 
11 12 13 17 18 
22 23 14 21 20 
24 15 16 0 19 
Down
---------------
1 2 3 4 5 
6 7 8 9 10 
11 12 13 17 18 
22 23 14 0 20 
24 15 16 21 19 
Right
---------------
1 2 3 4 5 
6 7 8 9 10 
11 12 13 17 18 
22 23 0 14 20 
24 15 16 21 19 
Up
---------------
1 2 3 4 5 
6 7 8 9 10 
11 12 13 17 18 
22 23 16 14 20 
24 15 0 21 19 
Left
---------------
1 2 3 4 5 
6 7 8 9 10 
11 12 13 17 18 
22 23 16 14 20 
24 15 21 0 19 
Left
---------------
1 2 3 4 5 
6 7 8 9 10 
11 12 13 17 18 
22 23 16 14 20 
24 15 21 19 0 
Down
---------------
1 2 3 4 5 
6 7 8 9 10 
11 12 13 17 18 
22 23 16 14 0 
24 15 21 19 20 
Right
---------------
1 2 3 4 5 
6 7 8 9 10 
11 12 13 17 18 
22 23 16 0 14 
24 15 21 19 20 
Up
---------------
1 2 3 4 5 
6 7 8 9 10 
11 12 13 17 18 
22 23 16 19 14 
24 15 21 0 20 
Left
---------------
1 2 3 4 5 
6 7 8 9 10 
11 12 13 17 18 
22 23 16 19 14 
24 15 21 20 0 
Right
---------------
1 2 3 4 5 
6 7 8 9 10 
11 12 13 17 18 
22 23 16 19 14 
24 15 21 0 20 
Down
---------------
1 2 3 4 5 
6 7 8 9 10 
11 12 13 17 18 
22 23 16 0 14 
24 15 21 19 20 
Down
---------------
1 2 3 4 5 
6 7 8 9 10 
11 12 13 0 18 
22 23 16 17 14 
24 15 21 19 20 
Left
---------------
1 2 3 4 5 
6 7 8 9 10 
11 12 13 18 0 
22 23 16 17 14 
24 15 21 19 20 
Up
---------------
1 2 3 4 5 
6 7 8 9 10 
11 12 13 18 14 
22 23 16 17 0 
24 15 21 19 20 
Up
---------------
1 2 3 4 5 
6 7 8 9 10 
11 12 13 18 14 
22 23 16 17 20 
24 15 21 19 0 
Right
---------------
1 2 3 4 5 
6 7 8 9 10 
11 12 13 18 14 
22 23 16 17 20 
24 15 21 0 19 
Right
---------------
1 2 3 4 5 
6 7 8 9 10 
11 12 13 18 14 
22 23 16 17 20 
24 15 0 21 19 
Down
---------------
1 2 3 4 5 
6 7 8 9 10 
11 12 13 18 14 
22 23 0 17 20 
24 15 16 21 19 
Right
---------------
1 2 3 4 5 
6 7 8 9 10 
11 12 13 18 14 
22 0 23 17 20 
24 15 16 21 19 
Right
---------------
1 2 3 4 5 
6 7 8 9 10 
11 12 13 18 14 
0 22 23 17 20 
24 15 16 21 19 
Up
---------------
1 2 3 4 5 
6 7 8 9 10 
11 12 13 18 14 
24 22 23 17 20 
0 15 16 21 19 
Down
---------------
1 2 3 4 5 
6 7 8 9 10 
11 12 13 18 14 
0 22 23 17 20 
24 15 16 21 19 
Left
---------------
1 2 3 4 5 
6 7 8 9 10 
11 12 13 18 14 
22 0 23 17 20 
24 15 16 21 19 
Left
---------------
1 2 3 4 5 
6 7 8 9 10 
11 12 13 18 14 
22 23 0 17 20 
24 15 16 21 19 
Up
---------------
1 2 3 4 5 
6 7 8 9 10 
11 12 13 18 14 
22 23 16 17 20 
24 15 0 21 19 
Right
---------------
1 2 3 4 5 
6 7 8 9 10 
11 12 13 18 14 
22 23 16 17 20 
24 0 15 21 19 
Down
---------------
1 2 3 4 5 
6 7 8 9 10 
11 12 13 18 14 
22 0 16 17 20 
24 23 15 21 19 
Left
---------------
1 2 3 4 5 
6 7 8 9 10 
11 12 13 18 14 
22 16 0 17 20 
24 23 15 21 19 
Left
---------------
1 2 3 4 5 
6 7 8 9 10 
11 12 13 18 14 
22 16 17 0 20 
24 23 15 21 19 
Up
---------------
1 2 3 4 5 
6 7 8 9 10 
11 12 13 18 14 
22 16 17 21 20 
24 23 15 0 19 
Right
---------------
1 2 3 4 5 
6 7 8 9 10 
11 12 13 18 14 
22 16 17 21 20 
24 23 0 15 19 
Down
---------------
1 2 3 4 5 
6 7 8 9 10 
11 12 13 18 14 
22 16 0 21 20 
24 23 17 15 19 
Left
---------------
1 2 3 4 5 
6 7 8 9 10 
11 12 13 18 14 
22 16 21 0 20 
24 23 17 15 19 
Left
---------------
1 2 3 4 5 
6 7 8 9 10 
11 12 13 18 14 
22 16 21 20 0 
24 23 17 15 19 
Up
---------------
1 2 3 4 5 
6 7 8 9 10 
11 12 13 18 14 
22 16 21 20 19 
24 23 17 15 0 
Right
---------------
1 2 3 4 5 
6 7 8 9 10 
11 12 13 18 14 
22 16 21 20 19 
24 23 17 0 15 
Down
---------------
1 2 3 4 5 
6 7 8 9 10 
11 12 13 18 14 
22 16 21 0 19 
24 23 17 20 15 
Left
---------------
1 2 3 4 5 
6 7 8 9 10 
11 12 13 18 14 
22 16 21 19 0 
24 23 17 20 15 
Up
---------------
1 2 3 4 5 
6 7 8 9 10 
11 12 13 18 14 
22 16 21 19 15 
24 23 17 20 0 
Right
---------------
1 2 3 4 5 
6 7 8 9 10 
11 12 13 18 14 
22 16 21 19 15 
24 23 17 0 20 
Down
---------------
1 2 3 4 5 
6 7 8 9 10 
11 12 13 18 14 
22 16 21 0 15 
24 23 17 19 20 
Down
---------------
1 2 3 4 5 
6 7 8 9 10 
11 12 13 0 14 
22 16 21 18 15 
24 23 17 19 20 
Left
---------------
1 2 3 4 5 
6 7 8 9 10 
11 12 13 14 0 
22 16 21 18 15 
24 23 17 19 20 
Up
---------------
1 2 3 4 5 
6 7 8 9 10 
11 12 13 14 15 
22 16 21 18 0 
24 23 17 19 20 
---------------
1 2 3 4 5 
6 7 8 9 10 
11 12 13 14 15 
22 16 21 18 0 
24 23 17 19 20 
